image: cog_avail_arena.pgm
resolution: 0.025000
origin: [-25.000000, -38.600000, 0.000000]
negate: 0
occupied_thresh: 0.65
free_thresh: 0.196

